{
  "schema": "planted-benchmark-key/v2",
  "instance_id": "general_6q_6c_seed20_75d32731",
  "kind": "general",
  "ground_energy": -5.203576383567944,
  "num_planted": 2,
  "clifford_scrambled": false,
  "planted_structure": {
    "blocks": [
      [
        0,
        4
      ],
      [
        1,
        5
      ],
      [
        2,
        3
      ]
    ],
    "block_states": [
      {
        "block_index": 0,
        "qubits": [
          0,
          4
        ],
        "type": "haar_orthogonal",
        "states": [
          {
            "re": [
              0.561747463033792,
              -0.04251024018024858,
              0.10042368294697826,
              -0.23877084762081252
            ],
            "im": [
              -0.6095069995866763,
              -0.23712557118038474,
              0.03084965662166911,
              0.4322698383166106
            ]
          },
          {
            "re": [
              0.210866550417695,
              -0.40224209103933833,
              -0.7324656469596482,
              -0.061632920736585044
            ],
            "im": [
              -0.19395084477119737,
              0.38176799786470667,
              -0.12657094988745962,
              -0.23248251005226717
            ]
          }
        ]
      },
      {
        "block_index": 1,
        "qubits": [
          1,
          5
        ],
        "type": "haar_orthogonal",
        "states": [
          {
            "re": [
              0.03718207965825049,
              0.6303558961285319,
              0.2431789938056756,
              -0.23614248695522183
            ],
            "im": [
              0.10179983712087132,
              -0.3451216617562539,
              -0.3919520382323701,
              0.450855932054577
            ]
          },
          {
            "re": [
              0.2836644505941232,
              -0.24891040686849644,
              -0.36022965540134405,
              -0.7357382117971053
            ],
            "im": [
              -0.33965116308941307,
              -0.03668413261856396,
              0.08005306083404753,
              0.2517634547940857
            ]
          }
        ]
      },
      {
        "block_index": 2,
        "qubits": [
          2,
          3
        ],
        "type": "haar_orthogonal",
        "states": [
          {
            "re": [
              -0.08343291406549302,
              0.36559012273784963,
              -0.6189774635810495,
              0.39346273321576064
            ],
            "im": [
              -0.491056103298899,
              -0.2450772377182887,
              -0.07309817057913318,
              0.12204301118653259
            ]
          },
          {
            "re": [
              -0.4624286135588415,
              0.14588138902122277,
              -0.292481502514447,
              -0.06127652869855238
            ],
            "im": [
              0.6524008238787734,
              -0.1342862752309581,
              -0.4807392448129968,
              0.028430532889066773
            ]
          }
        ]
      }
    ]
  },
  "clauses": [
    {
      "k": 0,
      "Sk": [
        0,
        2
      ],
      "support_qubits": [
        0,
        4,
        2,
        3
      ],
      "alpha": 0.9091684087742049,
      "l0": -1.0,
      "eigenvalues": [
        -1.0,
        -1.0,
        0.0,
        0.0,
        0.0,
        0.0,
        0.0,
        0.0,
        0.0,
        0.0,
        0.0,
        0.0,
        0.0,
        0.0,
        0.0,
        0.0
      ],
      "H_local": {
        "re": [
          [
            -0.22294587680443745,
            -0.04900016830025526,
            -0.04550208596556379,
            0.059881692190974126,
            0.0716552162231608,
            -0.067375316092216,
            0.009520381362142923,
            -0.01041670149831067,
            0.07373845288348478,
            -0.0022358771067138017,
            -0.1195732268605305,
            0.019426365479360833,
            0.07812056283962555,
            0.0621718825833402,
            -0.013639889398595673,
            -0.022213476299243036
          ],
          [
            -0.04900016830025526,
            -0.13632334708041577,
            0.14137084106334682,
            -0.0772337293300968,
            -0.0035734804332904734,
            -0.017126539584993973,
            0.056735446029076354,
            -0.038225726225538645,
            -0.044810109039697135,
            -0.0021786386403989514,
            0.015130182362302283,
            0.005824019713801542,
            0.019225950973767867,
            0.07576100616436887,
            -0.0942414685193389,
            0.05968229491363556
          ],
          [
            -0.04550208596556379,
            0.14137084106334682,
            -0.2928978470815072,
            0.17310959734325554,
            -0.08732043739184386,
            0.00050062885999691,
            0.0034355085564747243,
            0.038485334824338885,
            0.0666433655492732,
            0.006230778298844787,
            0.026524353667348653,
            0.012748101780009229,
            0.09470048248616478,
            -0.07286538012616597,
            0.1442956915826822,
            -0.10276517029581492
          ],
          [
            0.059881692190974126,
            -0.0772337293300968,
            0.17310959734325554,
            -0.11697355607621283,
            0.04769544011210598,
            0.006679787059218066,
            0.023786266880058096,
            -0.019750233173128625,
            -0.0002683256729489234,
            -0.017708572169011495,
            0.007347572325393513,
            -0.005789873768976033,
            -0.05455691388351544,
            0.031738643568098995,
            -0.09826884150268685,
            0.06732929164364307
          ],
          [
            0.0716552162231608,
            -0.0035734804332904734,
            -0.08732043739184386,
            0.04769544011210598,
            -0.21106369950586032,
            0.04247634909975325,
            0.04978049937106765,
            -0.009035746803341429,
            -0.15463168219349424,
            0.032802141094071674,
            0.17480426010244665,
            0.0003644303003561009,
            0.0638145232812184,
            -0.020489447765230845,
            0.06736528982568452,
            -0.016153502262506638
          ],
          [
            -0.067375316092216,
            -0.017126539584993973,
            0.00050062885999691,
            0.006679787059218066,
            0.04247634909975325,
            -0.023333509221588677,
            0.005361429859274283,
            -0.002689019712391768,
            0.045668433581068174,
            -0.007439294539019552,
            -0.04798400559434159,
            0.006286783835373696,
            0.017246813256258615,
            0.020404995465537402,
            -0.017268775740454913,
            -0.0013491285041453468
          ],
          [
            0.009520381362142923,
            0.056735446029076354,
            0.0034355085564747243,
            0.023786266880058096,
            0.04978049937106765,
            0.005361429859274283,
            -0.11993150733115227,
            0.013343535514256186,
            -0.08490194936182552,
            0.03237330500779378,
            -0.07349453004441425,
            -0.01751099048768848,
            -0.07401640930344684,
            -0.018419182118590782,
            0.05613084074919153,
            -0.02395644482345879
          ],
          [
            -0.01041670149831067,
            -0.038225726225538645,
            0.038485334824338885,
            -0.019750233173128625,
            -0.009035746803341429,
            -0.002689019712391768,
            0.013343535514256186,
            -0.011252444966530854,
            -0.025609340537010236,
            0.002637216299745699,
            0.00956585403646439,
            0.0008420087847601609,
            0.005018478646018065,
            0.02076164805904644,
            -0.022130718978161427,
            0.01596469422579901
          ],
          [
            0.07373845288348478,
            -0.044810109039697135,
            0.0666433655492732,
            -0.0002683256729489234,
            -0.15463168219349424,
            0.045668433581068174,
            -0.08490194936182552,
            -0.025609340537010236,
            -0.356060411490544,
            0.08468765659227984,
            0.0975950654232985,
            -0.024880971834339866,
            -0.04504429134301839,
            0.017299180945892084,
            0.06623577054450447,
            0.009169634301077836
          ],
          [
            -0.0022358771067138017,
            -0.0021786386403989514,
            0.006230778298844787,
            -0.017708572169011495,
            0.032802141094071674,
            -0.007439294539019552,
            0.03237330500779378,
            0.002637216299745699,
            0.08468765659227984,
            -0.023860115950718547,
            -0.009794504635427845,
            0.005791070766560125,
            0.007739950551438077,
            -0.0008699137664909141,
            -0.030686501290567048,
            0.00866256294135953
          ],
          [
            -0.1195732268605305,
            0.015130182362302283,
            0.026524353667348653,
            0.007347572325393513,
            0.17480426010244665,
            -0.04798400559434159,
            -0.07349453004441425,
            0.00956585403646439,
            0.0975950654232985,
            -0.009794504635427845,
            -0.17924798695045732,
            0.000435601515244766,
            -0.03776859832435811,
            0.022986518463700673,
            -0.019478357841721874,
            -0.011517151429161309
          ],
          [
            0.019426365479360833,
            0.005824019713801542,
            0.012748101780009229,
            -0.005789873768976033,
            0.0003644303003561009,
            0.006286783835373696,
            -0.01751099048768848,
            0.0008420087847601609,
            -0.024880971834339866,
            0.005791070766560125,
            0.000435601515244766,
            -0.004394232350019966,
            -0.0181363051020281,
            -0.004334790447812688,
            0.005508707772998569,
            0.0014659054788412492
          ],
          [
            0.07812056283962555,
            0.019225950973767867,
            0.09470048248616478,
            -0.05455691388351544,
            0.0638145232812184,
            0.017246813256258615,
            -0.07401640930344684,
            0.005018478646018065,
            -0.04504429134301839,
            0.007739950551438077,
            -0.03776859832435811,
            -0.0181363051020281,
            -0.09749421757137139,
            -0.012940056393987813,
            -0.011029011471608414,
            0.019908611073284524
          ],
          [
            0.0621718825833402,
            0.07576100616436887,
            -0.07286538012616597,
            0.031738643568098995,
            -0.020489447765230845,
            0.020404995465537402,
            -0.018419182118590782,
            0.02076164805904644,
            0.017299180945892084,
            -0.0008699137664909141,
            0.022986518463700673,
            -0.004334790447812688,
            -0.012940056393987813,
            -0.049516201416545495,
            0.04955050817411201,
            -0.027047511103325983
          ],
          [
            -0.013639889398595673,
            -0.0942414685193389,
            0.1442956915826822,
            -0.09826884150268685,
            0.06736528982568452,
            -0.017268775740454913,
            0.05613084074919153,
            -0.022130718978161427,
            0.06623577054450447,
            -0.030686501290567048,
            -0.019478357841721874,
            0.005508707772998569,
            -0.011029011471608414,
            0.04955050817411201,
            -0.11305475241660753,
            0.061322372824605204
          ],
          [
            -0.022213476299243036,
            0.05968229491363556,
            -0.10276517029581492,
            0.06732929164364307,
            -0.016153502262506638,
            -0.0013491285041453468,
            -0.02395644482345879,
            0.01596469422579901,
            0.009169634301077836,
            0.00866256294135953,
            -0.011517151429161309,
            0.0014659054788412492,
            0.019908611073284524,
            -0.027047511103325983,
            0.061322372824605204,
            -0.041650293786030086
          ]
        ],
        "im": [
          [
            0.0,
            0.13467821333795832,
            -0.17073338896129348,
            0.12795455119249388,
            -0.03788567658558641,
            0.014699881739837634,
            -0.11593844391233232,
            0.03269595787389009,
            -0.08842607167849936,
            0.04504184076667463,
            -0.027890870641237412,
            -0.011798451147518891,
            -0.01485413042768146,
            -0.062373925021930746,
            0.15107965234730655,
            -0.08379528015271479
          ],
          [
            -0.13467821333795832,
            0.0,
            -0.1315662471907173,
            0.09657226797661199,
            -0.044062349210000906,
            -0.03072582194582673,
            0.02906474490394754,
            -0.0004951170768275554,
            0.021406791258699785,
            0.008580085198244549,
            -0.012557440263942355,
            0.016936010819742116,
            0.09876761442434517,
            0.016450449020709454,
            0.04582048459462686,
            -0.0443479434805062
          ],
          [
            0.17073338896129348,
            0.1315662471907173,
            0.0,
            -0.03524144636552079,
            0.0871938607482462,
            0.0373560415258989,
            -0.06102492699299358,
            0.04053842948612924,
            0.10184606441132808,
            -0.02756155914978902,
            -0.022925829121064917,
            -0.017398762039572448,
            -0.11229139366771798,
            -0.08903764891476684,
            0.018487853505291446,
            -0.007435183603395873
          ],
          [
            -0.12795455119249388,
            -0.09657226797661199,
            0.03524144636552079,
            0.0,
            -0.002944483807879329,
            -0.03582622132688127,
            0.039824875459167075,
            -0.02699164404059737,
            -0.018595250674586845,
            0.005266283435849803,
            -0.02369380463218678,
            0.01255855904489741,
            0.06002808318270732,
            0.06807428969043529,
            -0.04221045910266443,
            0.016233268030189412
          ],
          [
            0.03788567658558641,
            0.044062349210000906,
            -0.0871938607482462,
            0.002944483807879329,
            0.0,
            0.001433384377613287,
            0.10976790118335909,
            0.01887363278242092,
            0.2169546495830099,
            -0.05969848744364531,
            0.048212117999952564,
            0.017898185268718787,
            0.05623966969921252,
            -0.04123989724355784,
            -0.026360673521689883,
            -0.006175475820576457
          ],
          [
            -0.014699881739837634,
            0.03072582194582673,
            -0.0373560415258989,
            0.03582622132688127,
            -0.001433384377613287,
            0.0,
            -0.044002475094454443,
            0.0069305977026807575,
            -0.03877198929765197,
            0.017354058265679703,
            -0.022334471411451663,
            -0.004292116043854466,
            -0.00853531189095094,
            -0.009926393468058368,
            0.04166472596789027,
            -0.02280259770367103
          ],
          [
            0.11593844391233232,
            -0.02906474490394754,
            0.06102492699299358,
            -0.039824875459167075,
            -0.10976790118335909,
            0.044002475094454443,
            0.0,
            -0.014331985921845643,
            -0.16219941938705065,
            0.027427434497163443,
            0.11340999966642049,
            -0.013036528652019885,
            -0.02852632561520811,
            -0.005286429495319581,
            0.00792893465276328,
            0.026167901146276623
          ],
          [
            -0.03269595787389009,
            0.0004951170768275554,
            -0.04053842948612924,
            0.02699164404059737,
            -0.01887363278242092,
            -0.0069305977026807575,
            0.014331985921845643,
            0.0,
            0.008921962971021456,
            0.0009861458457635515,
            0.004487418049852721,
            0.005326996443293649,
            0.03106310946092497,
            0.0027271781467117025,
            0.012695152426352135,
            -0.012193051431085337
          ],
          [
            0.08842607167849936,
            -0.021406791258699785,
            -0.10184606441132808,
            0.018595250674586845,
            -0.2169546495830099,
            0.03877198929765197,
            0.16219941938705065,
            -0.008921962971021456,
            0.0,
            -0.016067956866850044,
            0.22497381794582066,
            0.016844177381460917,
            0.11650090709002332,
            -0.025228925864946596,
            0.009436797713837493,
            0.0029607863309452065
          ],
          [
            -0.04504184076667463,
            -0.008580085198244549,
            0.02756155914978902,
            -0.005266283435849803,
            0.05969848744364531,
            -0.017354058265679703,
            -0.027427434497163443,
            -0.0009861458457635515,
            0.016067956866850044,
            0.0,
            -0.0624194819639845,
            -0.000698244529428078,
            -0.01603953433384167,
            0.016224246229553936,
            -0.013283485129331174,
            0.0019069646322584267
          ],
          [
            0.027890870641237412,
            0.012557440263942355,
            0.022925829121064917,
            0.02369380463218678,
            -0.048212117999952564,
            0.022334471411451663,
            -0.11340999966642049,
            -0.004487418049852721,
            -0.22497381794582066,
            0.0624194819639845,
            0.0,
            -0.021387109119144584,
            -0.058515982219415036,
            -0.0007644333521200676,
            0.07117696931985502,
            -0.014446795742535379
          ],
          [
            0.011798451147518891,
            -0.016936010819742116,
            0.017398762039572448,
            -0.01255855904489741,
            -0.017898185268718787,
            0.004292116043854466,
            0.013036528652019885,
            -0.005326996443293649,
            -0.016844177381460917,
            0.000698244529428078,
            0.021387109119144584,
            0.0,
            0.002855347246516968,
            0.0055178969080626715,
            -0.009809057931763527,
            0.00935852002185222
          ],
          [
            0.01485413042768146,
            -0.09876761442434517,
            0.11229139366771798,
            -0.06002808318270732,
            -0.05623966969921252,
            0.00853531189095094,
            0.02852632561520811,
            -0.03106310946092497,
            -0.11650090709002332,
            0.01603953433384167,
            0.058515982219415036,
            -0.002855347246516968,
            0.0,
            0.04685380603045882,
            -0.04873944240763389,
            0.04618727704600665
          ],
          [
            0.062373925021930746,
            -0.016450449020709454,
            0.08903764891476684,
            -0.06807428969043529,
            0.04123989724355784,
            0.009926393468058368,
            0.005286429495319581,
            -0.0027271781467117025,
            0.025228925864946596,
            -0.016224246229553936,
            0.0007644333521200676,
            -0.0055178969080626715,
            -0.04685380603045882,
            0.0,
            -0.049840212226050326,
            0.03416074692118222
          ],
          [
            -0.15107965234730655,
            -0.04582048459462686,
            -0.018487853505291446,
            0.04221045910266443,
            0.026360673521689883,
            -0.04166472596789027,
            -0.00792893465276328,
            -0.012695152426352135,
            -0.009436797713837493,
            0.013283485129331174,
            -0.07117696931985502,
            0.009809057931763527,
            0.04873944240763389,
            0.049840212226050326,
            0.0,
            -0.013593363224369576
          ],
          [
            0.08379528015271479,
            0.0443479434805062,
            0.007435183603395873,
            -0.016233268030189412,
            0.006175475820576457,
            0.02280259770367103,
            -0.026167901146276623,
            0.012193051431085337,
            -0.0029607863309452065,
            -0.0019069646322584267,
            0.014446795742535379,
            -0.00935852002185222,
            -0.04618727704600665,
            -0.03416074692118222,
            0.013593363224369576,
            0.0
          ]
        ]
      },
      "planted_local": {
        "re": [
          -0.346170359960244,
          0.05599303212953489,
          -0.3922628664667085,
          0.2954127617511219,
          -0.11289520576050328,
          -0.07365540390237268,
          0.008979435192173334,
          0.01221332344520157,
          0.006770271659290355,
          0.04427445520376906,
          -0.05990494309194965,
          0.03574799178373199,
          0.23219008998829208,
          0.01864723443565296,
          0.17939190801490973,
          -0.14670294303040354
        ],
        "im": [
          -0.22499657511658452,
          -0.3605012553240497,
          0.3362083847638173,
          -0.17126093805647177,
          0.04065899029623714,
          -0.07627247443400323,
          0.1498828053874979,
          -0.09848815306984285,
          -0.05188753917673292,
          -0.013333229067406121,
          -0.02643602971427008,
          0.024394198874420486,
          0.08118434974067705,
          0.21655088302860323,
          -0.25011157595509564,
          0.14094175884358384
        ]
      },
      "planted_locals": [
        {
          "re": [
            -0.346170359960244,
            0.05599303212953489,
            -0.3922628664667085,
            0.2954127617511219,
            -0.11289520576050328,
            -0.07365540390237268,
            0.008979435192173334,
            0.01221332344520157,
            0.006770271659290355,
            0.04427445520376906,
            -0.05990494309194965,
            0.03574799178373199,
            0.23219008998829208,
            0.01864723443565296,
            0.17939190801490973,
            -0.14670294303040354
          ],
          "im": [
            -0.22499657511658452,
            -0.3605012553240497,
            0.3362083847638173,
            -0.17126093805647177,
            0.04065899029623714,
            -0.07627247443400323,
            0.1498828053874979,
            -0.09848815306984285,
            -0.05188753917673292,
            -0.013333229067406121,
            -0.02643602971427008,
            0.024394198874420486,
            0.08118434974067705,
            0.21655088302860323,
            -0.25011157595509564,
            0.14094175884358384
          ]
        },
        {
          "re": [
            0.029022964365123007,
            0.004716568750825218,
            -0.15491434814235397,
            -0.0074070443571048125,
            -0.06305750386315388,
            -0.007413432527988,
            0.30117923014898745,
            0.013794131416052017,
            0.4212880655887275,
            -0.12384984740163324,
            0.15338503009881338,
            0.04848143179020245,
            0.1801726071813053,
            -0.040210306417750676,
            -0.09373697705336663,
            0.01038625308446473
          ],
          "im": [
            0.22725793146708997,
            -0.05661030226345511,
            -0.04464479171149833,
            0.01787968290258509,
            -0.4389635175464959,
            0.10970843795913929,
            0.0817134814508506,
            -0.034829374676006476,
            -0.4193311626660896,
            0.0798957374855269,
            0.3891446435686093,
            -0.013068560222815892,
            0.06729719653354611,
            -0.025638416132244234,
            0.09762619761894227,
            0.012493464419078507
          ]
        }
      ]
    },
    {
      "k": 1,
      "Sk": [
        0,
        2
      ],
      "support_qubits": [
        0,
        4,
        2,
        3
      ],
      "alpha": 1.486288363966747,
      "l0": -1.0,
      "eigenvalues": [
        -1.0,
        -1.0,
        0.0,
        0.0,
        0.0,
        0.0,
        0.0,
        0.0,
        0.0,
        0.0,
        0.0,
        0.0,
        0.0,
        0.0,
        0.0,
        0.0
      ],
      "H_local": {
        "re": [
          [
            -0.22294587680443745,
            -0.04900016830025526,
            -0.04550208596556379,
            0.059881692190974126,
            0.0716552162231608,
            -0.067375316092216,
            0.009520381362142923,
            -0.01041670149831067,
            0.07373845288348478,
            -0.0022358771067138017,
            -0.1195732268605305,
            0.019426365479360833,
            0.07812056283962555,
            0.0621718825833402,
            -0.013639889398595673,
            -0.022213476299243036
          ],
          [
            -0.04900016830025526,
            -0.13632334708041577,
            0.14137084106334682,
            -0.0772337293300968,
            -0.0035734804332904734,
            -0.017126539584993973,
            0.056735446029076354,
            -0.038225726225538645,
            -0.044810109039697135,
            -0.0021786386403989514,
            0.015130182362302283,
            0.005824019713801542,
            0.019225950973767867,
            0.07576100616436887,
            -0.0942414685193389,
            0.05968229491363556
          ],
          [
            -0.04550208596556379,
            0.14137084106334682,
            -0.2928978470815072,
            0.17310959734325554,
            -0.08732043739184386,
            0.00050062885999691,
            0.0034355085564747243,
            0.038485334824338885,
            0.0666433655492732,
            0.006230778298844787,
            0.026524353667348653,
            0.012748101780009229,
            0.09470048248616478,
            -0.07286538012616597,
            0.1442956915826822,
            -0.10276517029581492
          ],
          [
            0.059881692190974126,
            -0.0772337293300968,
            0.17310959734325554,
            -0.11697355607621283,
            0.04769544011210598,
            0.006679787059218066,
            0.023786266880058096,
            -0.019750233173128625,
            -0.0002683256729489234,
            -0.017708572169011495,
            0.007347572325393513,
            -0.005789873768976033,
            -0.05455691388351544,
            0.031738643568098995,
            -0.09826884150268685,
            0.06732929164364307
          ],
          [
            0.0716552162231608,
            -0.0035734804332904734,
            -0.08732043739184386,
            0.04769544011210598,
            -0.21106369950586032,
            0.04247634909975325,
            0.04978049937106765,
            -0.009035746803341429,
            -0.15463168219349424,
            0.032802141094071674,
            0.17480426010244665,
            0.0003644303003561009,
            0.0638145232812184,
            -0.020489447765230845,
            0.06736528982568452,
            -0.016153502262506638
          ],
          [
            -0.067375316092216,
            -0.017126539584993973,
            0.00050062885999691,
            0.006679787059218066,
            0.04247634909975325,
            -0.023333509221588677,
            0.005361429859274283,
            -0.002689019712391768,
            0.045668433581068174,
            -0.007439294539019552,
            -0.04798400559434159,
            0.006286783835373696,
            0.017246813256258615,
            0.020404995465537402,
            -0.017268775740454913,
            -0.0013491285041453468
          ],
          [
            0.009520381362142923,
            0.056735446029076354,
            0.0034355085564747243,
            0.023786266880058096,
            0.04978049937106765,
            0.005361429859274283,
            -0.11993150733115227,
            0.013343535514256186,
            -0.08490194936182552,
            0.03237330500779378,
            -0.07349453004441425,
            -0.01751099048768848,
            -0.07401640930344684,
            -0.018419182118590782,
            0.05613084074919153,
            -0.02395644482345879
          ],
          [
            -0.01041670149831067,
            -0.038225726225538645,
            0.038485334824338885,
            -0.019750233173128625,
            -0.009035746803341429,
            -0.002689019712391768,
            0.013343535514256186,
            -0.011252444966530854,
            -0.025609340537010236,
            0.002637216299745699,
            0.00956585403646439,
            0.0008420087847601609,
            0.005018478646018065,
            0.02076164805904644,
            -0.022130718978161427,
            0.01596469422579901
          ],
          [
            0.07373845288348478,
            -0.044810109039697135,
            0.0666433655492732,
            -0.0002683256729489234,
            -0.15463168219349424,
            0.045668433581068174,
            -0.08490194936182552,
            -0.025609340537010236,
            -0.356060411490544,
            0.08468765659227984,
            0.0975950654232985,
            -0.024880971834339866,
            -0.04504429134301839,
            0.017299180945892084,
            0.06623577054450447,
            0.009169634301077836
          ],
          [
            -0.0022358771067138017,
            -0.0021786386403989514,
            0.006230778298844787,
            -0.017708572169011495,
            0.032802141094071674,
            -0.007439294539019552,
            0.03237330500779378,
            0.002637216299745699,
            0.08468765659227984,
            -0.023860115950718547,
            -0.009794504635427845,
            0.005791070766560125,
            0.007739950551438077,
            -0.0008699137664909141,
            -0.030686501290567048,
            0.00866256294135953
          ],
          [
            -0.1195732268605305,
            0.015130182362302283,
            0.026524353667348653,
            0.007347572325393513,
            0.17480426010244665,
            -0.04798400559434159,
            -0.07349453004441425,
            0.00956585403646439,
            0.0975950654232985,
            -0.009794504635427845,
            -0.17924798695045732,
            0.000435601515244766,
            -0.03776859832435811,
            0.022986518463700673,
            -0.019478357841721874,
            -0.011517151429161309
          ],
          [
            0.019426365479360833,
            0.005824019713801542,
            0.012748101780009229,
            -0.005789873768976033,
            0.0003644303003561009,
            0.006286783835373696,
            -0.01751099048768848,
            0.0008420087847601609,
            -0.024880971834339866,
            0.005791070766560125,
            0.000435601515244766,
            -0.004394232350019966,
            -0.0181363051020281,
            -0.004334790447812688,
            0.005508707772998569,
            0.0014659054788412492
          ],
          [
            0.07812056283962555,
            0.019225950973767867,
            0.09470048248616478,
            -0.05455691388351544,
            0.0638145232812184,
            0.017246813256258615,
            -0.07401640930344684,
            0.005018478646018065,
            -0.04504429134301839,
            0.007739950551438077,
            -0.03776859832435811,
            -0.0181363051020281,
            -0.09749421757137139,
            -0.012940056393987813,
            -0.011029011471608414,
            0.019908611073284524
          ],
          [
            0.0621718825833402,
            0.07576100616436887,
            -0.07286538012616597,
            0.031738643568098995,
            -0.020489447765230845,
            0.020404995465537402,
            -0.018419182118590782,
            0.02076164805904644,
            0.017299180945892084,
            -0.0008699137664909141,
            0.022986518463700673,
            -0.004334790447812688,
            -0.012940056393987813,
            -0.049516201416545495,
            0.04955050817411201,
            -0.027047511103325983
          ],
          [
            -0.013639889398595673,
            -0.0942414685193389,
            0.1442956915826822,
            -0.09826884150268685,
            0.06736528982568452,
            -0.017268775740454913,
            0.05613084074919153,
            -0.022130718978161427,
            0.06623577054450447,
            -0.030686501290567048,
            -0.019478357841721874,
            0.005508707772998569,
            -0.011029011471608414,
            0.04955050817411201,
            -0.11305475241660753,
            0.061322372824605204
          ],
          [
            -0.022213476299243036,
            0.05968229491363556,
            -0.10276517029581492,
            0.06732929164364307,
            -0.016153502262506638,
            -0.0013491285041453468,
            -0.02395644482345879,
            0.01596469422579901,
            0.009169634301077836,
            0.00866256294135953,
            -0.011517151429161309,
            0.0014659054788412492,
            0.019908611073284524,
            -0.027047511103325983,
            0.061322372824605204,
            -0.041650293786030086
          ]
        ],
        "im": [
          [
            0.0,
            0.13467821333795832,
            -0.17073338896129348,
            0.12795455119249388,
            -0.03788567658558641,
            0.014699881739837634,
            -0.11593844391233232,
            0.03269595787389009,
            -0.08842607167849936,
            0.04504184076667463,
            -0.027890870641237412,
            -0.011798451147518891,
            -0.01485413042768146,
            -0.062373925021930746,
            0.15107965234730655,
            -0.08379528015271479
          ],
          [
            -0.13467821333795832,
            0.0,
            -0.1315662471907173,
            0.09657226797661199,
            -0.044062349210000906,
            -0.03072582194582673,
            0.02906474490394754,
            -0.0004951170768275554,
            0.021406791258699785,
            0.008580085198244549,
            -0.012557440263942355,
            0.016936010819742116,
            0.09876761442434517,
            0.016450449020709454,
            0.04582048459462686,
            -0.0443479434805062
          ],
          [
            0.17073338896129348,
            0.1315662471907173,
            0.0,
            -0.03524144636552079,
            0.0871938607482462,
            0.0373560415258989,
            -0.06102492699299358,
            0.04053842948612924,
            0.10184606441132808,
            -0.02756155914978902,
            -0.022925829121064917,
            -0.017398762039572448,
            -0.11229139366771798,
            -0.08903764891476684,
            0.018487853505291446,
            -0.007435183603395873
          ],
          [
            -0.12795455119249388,
            -0.09657226797661199,
            0.03524144636552079,
            0.0,
            -0.002944483807879329,
            -0.03582622132688127,
            0.039824875459167075,
            -0.02699164404059737,
            -0.018595250674586845,
            0.005266283435849803,
            -0.02369380463218678,
            0.01255855904489741,
            0.06002808318270732,
            0.06807428969043529,
            -0.04221045910266443,
            0.016233268030189412
          ],
          [
            0.03788567658558641,
            0.044062349210000906,
            -0.0871938607482462,
            0.002944483807879329,
            0.0,
            0.001433384377613287,
            0.10976790118335909,
            0.01887363278242092,
            0.2169546495830099,
            -0.05969848744364531,
            0.048212117999952564,
            0.017898185268718787,
            0.05623966969921252,
            -0.04123989724355784,
            -0.026360673521689883,
            -0.006175475820576457
          ],
          [
            -0.014699881739837634,
            0.03072582194582673,
            -0.0373560415258989,
            0.03582622132688127,
            -0.001433384377613287,
            0.0,
            -0.044002475094454443,
            0.0069305977026807575,
            -0.03877198929765197,
            0.017354058265679703,
            -0.022334471411451663,
            -0.004292116043854466,
            -0.00853531189095094,
            -0.009926393468058368,
            0.04166472596789027,
            -0.02280259770367103
          ],
          [
            0.11593844391233232,
            -0.02906474490394754,
            0.06102492699299358,
            -0.039824875459167075,
            -0.10976790118335909,
            0.044002475094454443,
            0.0,
            -0.014331985921845643,
            -0.16219941938705065,
            0.027427434497163443,
            0.11340999966642049,
            -0.013036528652019885,
            -0.02852632561520811,
            -0.005286429495319581,
            0.00792893465276328,
            0.026167901146276623
          ],
          [
            -0.03269595787389009,
            0.0004951170768275554,
            -0.04053842948612924,
            0.02699164404059737,
            -0.01887363278242092,
            -0.0069305977026807575,
            0.014331985921845643,
            0.0,
            0.008921962971021456,
            0.0009861458457635515,
            0.004487418049852721,
            0.005326996443293649,
            0.03106310946092497,
            0.0027271781467117025,
            0.012695152426352135,
            -0.012193051431085337
          ],
          [
            0.08842607167849936,
            -0.021406791258699785,
            -0.10184606441132808,
            0.018595250674586845,
            -0.2169546495830099,
            0.03877198929765197,
            0.16219941938705065,
            -0.008921962971021456,
            0.0,
            -0.016067956866850044,
            0.22497381794582066,
            0.016844177381460917,
            0.11650090709002332,
            -0.025228925864946596,
            0.009436797713837493,
            0.0029607863309452065
          ],
          [
            -0.04504184076667463,
            -0.008580085198244549,
            0.02756155914978902,
            -0.005266283435849803,
            0.05969848744364531,
            -0.017354058265679703,
            -0.027427434497163443,
            -0.0009861458457635515,
            0.016067956866850044,
            0.0,
            -0.0624194819639845,
            -0.000698244529428078,
            -0.01603953433384167,
