{
  "schema": "planted-benchmark-key/v2",
  "instance_id": "general_6q_2c_seed0_8e996bc1",
  "kind": "general",
  "ground_energy": -2.422489329888712,
  "num_planted": 1,
  "clifford_scrambled": false,
  "planted_structure": {
    "blocks": [
      [
        3
      ],
      [
        2
      ],
      [
        5
      ],
      [
        4
      ],
      [
        0
      ],
      [
        1
      ]
    ],
    "block_states": [
      {
        "block_index": 0,
        "qubits": [
          3
        ],
        "type": "haar",
        "states": [
          {
            "re": [
              -0.6749949641742874,
              0.5990977286401065
            ],
            "im": [
              -0.412755973223359,
              -0.12286666124728744
            ]
          }
        ]
      },
      {
        "block_index": 1,
        "qubits": [
          2
        ],
        "type": "haar",
        "states": [
          {
            "re": [
              -0.04465691015634409,
              -0.43913149896355363
            ],
            "im": [
              -0.8107076556580483,
              0.3846067914776624
            ]
          }
        ]
      },
      {
        "block_index": 2,
        "qubits": [
          5
        ],
        "type": "haar",
        "states": [
          {
            "re": [
              0.11200053880934402,
              -0.6057798104234178
            ],
            "im": [
              0.728168504156323,
              0.3004285774431716
            ]
          }
        ]
      },
      {
        "block_index": 3,
        "qubits": [
          4
        ],
        "type": "haar",
        "states": [
          {
            "re": [
              -0.5980429496893865,
              0.710511490084613
            ],
            "im": [
              -0.3677413318767544,
              -0.047795037546501905
            ]
          }
        ]
      },
      {
        "block_index": 4,
        "qubits": [
          0
        ],
        "type": "haar",
        "states": [
          {
            "re": [
              0.3722685357792042,
              -0.5930422258011213
            ],
            "im": [
              0.2717565704705467,
              0.6602010467211832
            ]
          }
        ]
      },
      {
        "block_index": 5,
        "qubits": [
          1
        ],
        "type": "haar",
        "states": [
          {
            "re": [
              0.5752883126537925,
              -0.13038894806797346
            ],
            "im": [
              0.39283045163284575,
              -0.7054972117702618
            ]
          }
        ]
      }
    ]
  },
  "clauses": [
    {
      "k": 0,
      "Sk": [
        0,
        4,
        5
      ],
      "support_qubits": [
        3,
        0,
        1
      ],
      "alpha": 1.1066357757671799,
      "l0": -1.0,
      "eigenvalues": [
        -1.0,
        -1.0,
        -1.0,
        -1.0,
        1.0,
        1.0,
        1.0,
        1.0
      ],
      "H_local": {
        "re": [
          [
            0.4265091201855874,
            -0.001120850622366526,
            0.23484430586974397,
            -0.0671608934754211,
            0.44726512230288085,
            -0.014800918086500192,
            -0.07169453698843481,
            -0.4374599552441294
          ],
          [
            -0.001120850622366526,
            0.10191944268194086,
            0.3610637964125375,
            0.20934294093540715,
            -0.3245816590986086,
            -0.25793531989534346,
            -0.2828436535959412,
            -0.12160866113206215
          ],
          [
            0.23484430586974397,
            0.3610637964125375,
            -0.1303526777815092,
            0.40456808360728536,
            0.22036753239448004,
            -0.2977463255734608,
            0.24544565855829595,
            -0.12132024501525025
          ],
          [
            -0.0671608934754211,
            0.20934294093540715,
            0.40456808360728536,
            0.31061163048272333,
            -0.05098029695499996,
            -0.17528543675725058,
            -0.03296198676121724,
            0.41280617728215663
          ],
          [
            0.44726512230288085,
            -0.3245816590986086,
            0.22036753239448004,
            -0.05098029695499996,
            -0.3019652081030312,
            0.09599741684356175,
            -0.017688439541973296,
            0.11228752136730397
          ],
          [
            -0.014800918086500192,
            -0.25793531989534346,
            -0.2977463255734608,
            -0.17528543675725058,
            0.09599741684356175,
            -0.7363117940734195,
            -0.27183829055027287,
            0.18922840640348892
          ],
          [
            -0.07169453698843481,
            -0.2828436535959412,
            0.24544565855829595,
            -0.03296198676121724,
            -0.017688439541973296,
            -0.27183829055027287,
            0.2662079827549013,
            -0.023540837241136255
          ],
          [
            -0.4374599552441294,
            -0.12160866113206215,
            -0.12132024501525025,
            0.41280617728215663,
            0.11228752136730397,
            0.18922840640348892,
            -0.023540837241136255,
            0.06338150385280727
          ]
        ],
        "im": [
          [
            0.0,
            0.14998432158941977,
            0.036000282415739895,
            -0.25586117770770317,
            0.04472297363904452,
            -0.05238312320437355,
            -0.4764911566417497,
            0.20150828012606184
          ],
          [
            -0.14998432158941977,
            0.0,
            0.24095642951882645,
            0.06392621519633415,
            -0.34334570017263066,
            -0.048417589439956096,
            -0.2604630622599383,
            -0.52538857919539
          ],
          [
            -0.036000282415739895,
            -0.24095642951882645,
            0.0,
            -0.2820869456013997,
            -0.3083302131794537,
            -0.01973072569425259,
            0.4325597696610567,
            0.011966319246111426
          ],
          [
            0.25586117770770317,
            -0.06392621519633415,
            0.2820869456013997,
            0.0,
            0.19893423854756587,
            0.2706971953899229,
            -0.1397705132944369,
            0.4529663047532875
          ],
          [
            -0.04472297363904452,
            0.34334570017263066,
            0.3083302131794537,
            -0.19893423854756587,
            0.0,
            -0.2474157151707539,
            0.44680015996514344,
            0.121434232245573
          ],
          [
            0.05238312320437355,
            0.048417589439956096,
            0.01973072569425259,
            -0.2706971953899229,
            0.2474157151707539,
            0.0,
            -0.016602378601507053,
            -0.11204344661851884
          ],
          [
            0.4764911566417497,
            0.2604630622599383,
            -0.4325597696610567,
            0.1397705132944369,
            -0.44680015996514344,
            0.016602378601507053,
            0.0,
            0.08040458389569194
          ],
          [
            -0.20150828012606184,
            0.52538857919539,
            -0.011966319246111426,
            -0.4529663047532875,
            -0.121434232245573,
            0.11204344661851884,
            -0.08040458389569194,
            0.0
          ]
        ]
      },
      "planted_local": {
        "re": [
          0.052390870753054264,
          -0.21967788426892484,
          0.46595563712723487,
          -0.22942558378854247,
          0.10152417888511582,
          0.049158411929371745,
          -0.34172672125164777,
          0.366197086489022
        ],
        "im": [
          -0.24857089307428418,
          0.14209474575243233,
          0.1487502492116986,
          -0.4484715401839636,
          0.16807627252962792,
          -0.1961646572311316,
          0.16175561031927485,
          0.1323557885844197
        ]
      },
      "planted_locals": [
        {
          "re": [
            0.052390870753054264,
            -0.21967788426892484,
            0.46595563712723487,
            -0.22942558378854247,
            0.10152417888511582,
            0.049158411929371745,
            -0.34172672125164777,
            0.366197086489022
          ],
          "im": [
            -0.24857089307428418,
            0.14209474575243233,
            0.1487502492116986,
            -0.4484715401839636,
            0.16807627252962792,
            -0.1961646572311316,
            0.16175561031927485,
            0.1323557885844197
          ]
        }
      ]
    },
    {
      "k": 1,
      "Sk": [
        3,
        4,
        5
      ],
      "support_qubits": [
        4,
        0,
        1
      ],
      "alpha": 1.3158535541215322,
      "l0": -1.0,
      "eigenvalues": [
        -1.0,
        -1.0,
        -1.0,
        -1.0,
        1.0,
        1.0,
        1.0,
        1.0
      ],
      "H_local": {
        "re": [
          [
            0.19184439129818096,
            0.14803539622823988,
            0.06059797106045421,
            0.09043543945092711,
            0.05491896729416326,
            -0.19202587160918347,
            -0.24056302931529577,
            0.2658815329600033
          ],
          [
            0.14803539622823988,
            0.2122143958864974,
            0.5038231469948236,
            0.07502528438237387,
            0.08116277013049511,
            -0.0713755784138308,
            -0.3404395787985959,
            -0.2759250978345621
          ],
          [
            0.06059797106045421,
            0.5038231469948236,
            -0.13756045185363866,
            0.06385945317060776,
            -0.15480626311910922,
            -0.26872318026821024,
            0.08180473197893609,
            -0.2609412314450598
          ],
          [
            0.09043543945092711,
            0.07502528438237387,
            0.06385945317060776,
            -0.5897188197457655,
            -0.34439933753510743,
            -0.192374796851939,
            0.19847868404628574,
            0.07545156533084181
          ],
          [
            0.05491896729416326,
            0.08116277013049511,
            -0.15480626311910922,
            -0.34439933753510743,
            0.3113180386836464,
            -0.29187078665158933,
            0.020269318954403398,
            -0.3878137962624339
          ],
          [
            -0.19202587160918347,
            -0.0713755784138308,
            -0.26872318026821024,
            -0.192374796851939,
            -0.29187078665158933,
            -0.10679983446570379,
            -0.3938908076535193,
            -0.2390591277989263
          ],
          [
            -0.24056302931529577,
            -0.3404395787985959,
            0.08180473197893609,
            0.19847868404628574,
            0.020269318954403398,
            -0.3938908076535193,
            0.05407978473140935,
            0.19152678917261842
          ],
          [
            0.2658815329600033,
            -0.2759250978345621,
            -0.2609412314450598,
            0.07545156533084181,
            -0.3878137962624339,
            -0.2390591277989263,
            0.19152678917261842,
            0.06462249546537346
          ]
        ],
        "im": [
          [
            0.0,
            0.2672290329718853,
            -0.3508040935260561,
            -0.37897619448610514,
            0.24772262888475208,
            0.24497264722738954,
            -0.1371097407119114,
            0.531697259136309
          ],
          [
            -0.2672290329718853,
            0.0,
            0.13882011922242488,
            -0.21413160646475982,
            -0.393475385836349,
            0.31147777017727313,
            0.2015842963514401,
            -0.202129029237613
          ],
          [
            0.3508040935260561,
            -0.13882011922242488,
            0.0,
            -0.20541888074094183,
            0.42888350743809567,
            -0.011201010941325168,
            0.3391861824104679,
            -0.2547243639475102
          ],
          [
            0.37897619448610514,
            0.21413160646475982,
            0.20541888074094183,
            0.0,
            -0.2922549605874922,
            0.28497002707389946,
            -0.1829624909845035,
            0.043269621191415704
          ],
          [
            -0.24772262888475208,
            0.393475385836349,
            -0.42888350743809567,
            0.2922549605874922,
            0.0,
            -0.10482039825529438,
            -0.02930424624946356,
            -0.13233784798036424
          ],
          [
            -0.24497264722738954,
            -0.31147777017727313,
            0.011201010941325168,
            -0.28497002707389946,
            0.10482039825529438,
            0.0,
            -0.5213315464880873,
            -0.13704054234505653
          ],
          [
            0.1371097407119114,
            -0.2015842963514401,
            -0.3391861824104679,
            0.1829624909845035,
            0.02930424624946356,
            0.5213315464880873,
            0.0,
            -0.32306872797604885
          ],
          [
            -0.531697259136309,
            0.202129029237613,
            0.2547243639475102,
            -0.043269621191415704,
            0.13233784798036424,
            0.13704054234505653,
            0.32306872797604885,
            0.0
          ]
        ]
      },
      "planted_local": {
        "re": [
          0.047035706876460866,
          -0.19524215726409788,
          0.4131346278463188,
          -0.20259190868629182,
          0.09077591904153777,
          0.0874875414816818,
          -0.4196562014007014,
          0.40175866655319287
        ],
        "im": [
          -0.22045208983482015,
          0.12560314413561452,
          0.1330178797987087,
          -0.39845259050840387,
          0.20985074552170987,
          -0.21862454599825926,
          0.13303389587780276,
          0.21015043963296764
        ]
      },
      "planted_locals": [
        {
          "re": [
            0.047035706876460866,
            -0.19524215726409788,
            0.4131346278463188,
            -0.20259190868629182,
            0.09077591904153777,
            0.0874875414816818,
            -0.4196562014007014,
            0.40175866655319287
          ],
          "im": [
            -0.22045208983482015,
            0.12560314413561452,
            0.1330178797987087,
            -0.39845259050840387,
            0.20985074552170987,
            -0.21862454599825926,
            0.13303389587780276,
            0.21015043963296764
          ]
        }
      ]
    }
  ],
  "params": {
    "n_qubits": 6,
    "block_size": 1,
    "variable_block_sizes": null,
    "num_blocks": 6,
    "num_clauses": 2,
    "blocks_per_clause": 3,
    "num_planted": 1,
    "eigenvalue_scheme": "bimodal",
    "lambda_min": -1.0,
    "lambda_max": 1.0,
    "spectral_gap": 0.5,
    "alpha_min": 0.5,
    "alpha_max": 1.5,
    "subset_sampling": "uniform",
    "bernoulli_prob": 0.5,
    "clifford": false,
    "clifford_depth": 5,
    "seed": 0,
    "instance_id": "general_6q_2c_seed0_8e996bc1"
  }
}