{
  "schema": "planted-benchmark-key/v2",
  "instance_id": "general_8q_14c_seed7_06479a23",
  "kind": "general",
  "ground_energy": -13.706911742580974,
  "num_planted": 1,
  "clifford_scrambled": false,
  "planted_structure": {
    "blocks": [
      [
        0
      ],
      [
        6
      ],
      [
        7
      ],
      [
        2
      ],
      [
        4
      ],
      [
        5
      ],
      [
        1
      ],
      [
        3
      ]
    ],
    "block_states": [
      {
        "block_index": 0,
        "qubits": [
          0
        ],
        "type": "haar",
        "states": [
          {
            "re": [
              0.632467883022576,
              0.07899932053915353
            ],
            "im": [
              -0.23827793970799693,
              -0.7327803953080387
            ]
          }
        ]
      },
      {
        "block_index": 1,
        "qubits": [
          6
        ],
        "type": "haar",
        "states": [
          {
            "re": [
              -0.07981024167698711,
              0.7848365333578137
            ],
            "im": [
              0.4970489439131879,
              -0.3613921534637062
            ]
          }
        ]
      },
      {
        "block_index": 2,
        "qubits": [
          7
        ],
        "type": "haar",
        "states": [
          {
            "re": [
              -0.7393640804852756,
              0.022112143702915744
            ],
            "im": [
              0.6029395474759789,
              -0.29885734335713815
            ]
          }
        ]
      },
      {
        "block_index": 3,
        "qubits": [
          2
        ],
        "type": "haar",
        "states": [
          {
            "re": [
              0.14828554355112938,
              0.402490692842999
            ],
            "im": [
              -0.8785231354140608,
              0.21026112405948139
            ]
          }
        ]
      },
      {
        "block_index": 4,
        "qubits": [
          4
        ],
        "type": "haar",
        "states": [
          {
            "re": [
              -0.49020268089122615,
              -0.5745055515716765
            ],
            "im": [
              0.6528788341604205,
              0.05825745244780973
            ]
          }
        ]
      },
      {
        "block_index": 5,
        "qubits": [
          5
        ],
        "type": "haar",
        "states": [
          {
            "re": [
              -0.3179868634543751,
              0.7097153445330255
            ],
            "im": [
              -0.6183143579140226,
              0.1134717550855174
            ]
          }
        ]
      },
      {
        "block_index": 6,
        "qubits": [
          1
        ],
        "type": "haar",
        "states": [
          {
            "re": [
              0.7116039506905063,
              0.25537145318875065
            ],
            "im": [
              -0.512257295136966,
              -0.4074281554297499
            ]
          }
        ]
      },
      {
        "block_index": 7,
        "qubits": [
          3
        ],
        "type": "haar",
        "states": [
          {
            "re": [
              0.39117032607596935,
              0.3341989965240377
            ],
            "im": [
              -0.3576877239883785,
              0.7793306736090652
            ]
          }
        ]
      }
    ]
  },
  "clauses": [
    {
      "k": 0,
      "Sk": [
        0,
        2,
        7
      ],
      "support_qubits": [
        0,
        7,
        3
      ],
      "alpha": 1.3212284183827663,
      "l0": -1.0,
      "eigenvalues": [
        -1.0,
        -1.0,
        -1.0,
        -1.0,
        1.0,
        1.0,
        1.0,
        1.0
      ],
      "H_local": {
        "re": [
          [
            0.4416154960274663,
            0.4067727067607969,
            0.33926609896950777,
            -0.1707662343608153,
            0.06636145186892388,
            -0.17841812621302405,
            0.13940334728434556,
            0.17111354727780442
          ],
          [
            0.4067727067607969,
            -0.22229555783549781,
            -0.2526986340882956,
            -0.024864504335790974,
            -0.10921056888450256,
            -0.2627119908407889,
            -0.06138303223426556,
            -0.43881064857624585
          ],
          [
            0.33926609896950777,
            -0.2526986340882956,
            0.2851139313073151,
            0.5910203885963952,
            0.03511180764616362,
            0.12057821936823403,
            0.07045560191907867,
            0.1616369789394571
          ],
          [
            -0.1707662343608153,
            -0.024864504335790974,
            0.5910203885963952,
            -0.007842873327863598,
            -0.32195196569610957,
            -0.09017858637190473,
            -0.0382831214998227,
            -0.47122933878452034
          ],
          [
            0.06636145186892388,
            -0.10921056888450256,
            0.03511180764616362,
            -0.32195196569610957,
            0.12930555554502315,
            0.08631242617877288,
            0.17095554518955827,
            -0.17100545438806278
          ],
          [
            -0.17841812621302405,
            -0.2627119908407889,
            0.12057821936823403,
            -0.09017858637190473,
            0.08631242617877288,
            -0.3808622172865753,
            -0.26722481767542794,
            0.09031152690776484
          ],
          [
            0.13940334728434556,
            -0.06138303223426556,
            0.07045560191907867,
            -0.0382831214998227,
            0.17095554518955827,
            -0.26722481767542794,
            -0.6926032974585015,
            0.1706044497495589
          ],
          [
            0.17111354727780442,
            -0.43881064857624585,
            0.1616369789394571,
            -0.47122933878452034,
            -0.17100545438806278,
            0.09031152690776484,
            0.1706044497495589,
            0.44756896302863336
          ]
        ],
        "im": [
          [
            0.0,
            0.5084417425188145,
            0.19261329722909304,
            -0.24106391344494077,
            -0.1725043360092603,
            -0.1417831082734371,
            0.07031450930079795,
            0.04207246749658701
          ],
          [
            -0.5084417425188145,
            0.0,
            0.2844005762397645,
            0.19883303203089697,
            -0.07140145663204112,
            -0.08618572286431143,
            -0.061503340642221446,
            0.21940494671886135
          ],
          [
            -0.19261329722909304,
            -0.2844005762397645,
            0.0,
            -0.3340854695999247,
            -0.23056451120148008,
            0.17702151168975194,
            -0.0744098411731639,
            -0.15477178396087962
          ],
          [
            0.24106391344494077,
            -0.19883303203089697,
            0.3340854695999247,
            0.0,
            0.057024430559835054,
            -0.1999597367617684,
            0.011191886249853216,
            -0.18145434724709933
          ],
          [
            0.1725043360092603,
            0.07140145663204112,
            0.23056451120148008,
            -0.057024430559835054,
            0.0,
            0.7271818282467478,
            -0.4181446199781006,
            -0.03519728146412604
          ],
          [
            0.1417831082734371,
            0.08618572286431143,
            -0.17702151168975194,
            0.1999597367617684,
            -0.7271818282467478,
            0.0,
            -0.12908626348113908,
            -0.00996713809359387
          ],
          [
            -0.07031450930079795,
            0.061503340642221446,
            0.0744098411731639,
            -0.011191886249853216,
            0.4181446199781006,
            0.12908626348113908,
            0.0,
            -0.3937411240940817
          ],
          [
            -0.04207246749658701,
            -0.21940494671886135,
            0.15477178396087962,
            0.18145434724709933,
            0.03519728146412604,
            0.00996713809359387,
            0.3937411240940817,
            0.0
          ]
        ]
      },
      "planted_local": {
        "re": [
          0.07269362789581703,
          -0.5427538507227303,
          -0.09187896917551636,
          0.1322885991691416,
          0.36080928103047455,
          -0.33121942474020266,
          -0.09922231260122366,
          -0.0415773251995545
        ],
        "im": [
          0.33395833768123984,
          -0.06614886788952483,
          -0.055530117600460185,
          -0.10952824821956295,
          0.09342278094567989,
          0.4957902084338716,
          0.062134028664897784,
          -0.1826149780416534
        ]
      },
      "planted_locals": [
        {
          "re": [
            0.07269362789581703,
            -0.5427538507227303,
            -0.09187896917551636,
            0.1322885991691416,
            0.36080928103047455,
            -0.33121942474020266,
            -0.09922231260122366,
            -0.0415773251995545
          ],
          "im": [
            0.33395833768123984,
            -0.06614886788952483,
            -0.055530117600460185,
            -0.10952824821956295,
            0.09342278094567989,
            0.4957902084338716,
            0.062134028664897784,
            -0.1826149780416534
          ]
        }
      ]
    },
    {
      "k": 1,
      "Sk": [
        0,
        6,
        7
      ],
      "support_qubits": [
        0,
        1,
        3
      ],
      "alpha": 0.8030324268193135,
      "l0": -1.0,
      "eigenvalues": [
        -1.0,
        -1.0,
        -1.0,
        -1.0,
        1.0,
        1.0,
        1.0,
        1.0
      ],
      "H_local": {
        "re": [
          [
            0.3452554228441546,
            -0.010880712204824255,
            -0.2275052481453944,
            -0.35465032278245956,
            0.08270808163036161,
            0.07621560332601068,
            0.053407748720014685,
            -0.17826348955249088
          ],
          [
            -0.010880712204824255,
            0.022041543384040685,
            0.017233079857229456,
            -0.5026808983076533,
            0.14409586622989,
            0.1755704259116882,
            -0.0779541573785798,
            -0.40431450006349867
          ],
          [
            -0.2275052481453944,
            0.017233079857229456,
            -0.32043476775967483,
            -0.3228106509353203,
            -0.42876059601624683,
            -0.11077394843136662,
            0.472898096585785,
            0.007869747944171945
          ],
          [
            -0.35465032278245956,
            -0.5026808983076533,
            -0.3228106509353203,
            -0.2065264403118454,
            0.2824475653721711,
            -0.10977379632874967,
            0.014381542899046668,
            -0.14002260498903163
          ],
          [
            0.08270808163036161,
            0.14409586622989,
            -0.42876059601624683,
            0.2824475653721711,
            0.1327359959842057,
            0.09608072192789391,
            -0.3036738172132428,
            -0.32330224269221924
          ],
          [
            0.07621560332601068,
            0.1755704259116882,
            -0.11077394843136662,
            -0.10977379632874967,
            0.09608072192789391,
            -0.25877153060159575,
            0.13573827342397704,
            -0.0915704832512086
          ],
          [
            0.053407748720014685,
            -0.0779541573785798,
            0.472898096585785,
            0.014381542899046668,
            -0.3036738172132428,
            0.13573827342397704,
            -0.02004905781481997,
            -0.5412107085772826
          ],
          [
            -0.17826348955249088,
            -0.40431450006349867,
            0.007869747944171945,
            -0.14002260498903163,
            -0.32330224269221924,
            -0.0915704832512086,
            -0.5412107085772826,
            0.30574883427553584
          ]
        ],
        "im": [
          [
            0.0,
            -0.012865196810682489,
            -0.36908141225693897,
            0.11976661324126414,
            -0.3703604394721334,
            0.59538265779357,
            0.11605561949594177,
            -0.004265498021969308
          ],
          [
            0.012865196810682489,
            0.0,
            0.05449287591902259,
            0.005098037354632143,
            -0.27745370075615405,
            -0.5971766116074523,
            0.06449029074591428,
            -0.2904386703838636
          ],
          [
            0.36908141225693897,
            -0.05449287591902259,
            0.0,
            -0.28328571032166794,
            0.08193037161623858,
            0.017243254363490293,
            -0.30552535807187453,
            -0.038225006643409304
          ],
          [
            -0.11976661324126414,
            -0.005098037354632143,
            0.28328571032166794,
            0.0,
            0.2891444113990997,
            0.1627521299079255,
            0.38493472717047816,
            0.10073126611566072
          ],
          [
            0.3703604394721334,
            0.27745370075615405,
            -0.08193037161623858,
            -0.2891444113990997,
            0.0,
            -0.12619328069173935,
            0.006433961609758086,
            0.4059068537993664
          ],
          [
            -0.59538265779357,
            0.5971766116074523,
            -0.017243254363490293,
            -0.1627521299079255,
            0.12619328069173935,
            0.0,
            -0.28396856471389786,
            -0.03989888208911302
          ],
          [
            -0.11605561949594177,
            -0.06449029074591428,
            0.30552535807187453,
            -0.38493472717047816,
            -0.006433961609758086,
            0.28396856471389786,
            0.0,
            0.15313303572699544
          ],
          [
            0.004265498021969308,
            0.2904386703838636,
            0.038225006643409304,
            -0.10073126611566072,
            -0.4059068537993664,
            0.03989888208911302,
            -0.15313303572699544,
            0.0
          ]
        ]
      },
      "planted_local": {
        "re": [
          -0.04822866015033368,
          0.4942550095126187,
          -0.08873160137289925,
          0.2697772672604586,
          -0.32583526433542864,
          0.33125789480256296,
          -0.18734172615625563,
          0.07788632798078732
        ],
        "im": [
          -0.3103845640380488,
          0.0906834261636828,
          -0.14764821517974358,
          -0.05623925395996867,
          -0.105647275187221,
          -0.4365201948240648,
          0.013782942907421016,
          -0.2902467723083921
        ]
      },
      "planted_locals": [
        {
          "re": [
            -0.04822866015033368,
            0.4942550095126187,
            -0.08873160137289925,
            0.2697772672604586,
            -0.32583526433542864,
            0.33125789480256296,
            -0.18734172615625563,
            0.07788632798078732
          ],
          "im": [
            -0.3103845640380488,
            0.0906834261636828,
            -0.14764821517974358,
            -0.05623925395996867,
            -0.105647275187221,
            -0.4365201948240648,
            0.013782942907421016,
            -0.2902467723083921
          ]
        }
      ]
    },
    {
      "k": 2,
      "Sk": [
        1,
        2,
        5
      ],
      "support_qubits": [
        6,
        7,
        5
      ],
      "alpha": 1.0045482589579533,
      "l0": -1.0,
      "eigenvalues": [
        -1.0,
        -1.0,
        -1.0,
        -1.0,
        1.0,
        1.0,
        1.0,
        1.0
      ],
      "H_local": {
        "re": [
          [
            0.25893211024170576,
            0.2075958944851219,
            -0.027892005320532903,
            0.30296309499349144,
            0.2183925964060843,
            -0.13723570983337943,
            -0.059007896958699166,
            -0.0011370088860894328
          ],
          [
            0.2075958944851219,
            0.03696397341775065,
            -0.3391856127916221,
            0.1143495135405877,
            -0.025143715160446292,
            0.1780533143230054,
            0.29856789034393694,
            0.3072490018686765
          ],
          [
            -0.027892005320532903,
            -0.3391856127916221,
            0.4326656695602214,
            -0.5322431340038839,
            0.019200191208916306,
            0.31017509788317565,
            0.22077567057302383,
            -0.11999908586039829
          ],
          [
            0.30296309499349144,
            0.1143495135405877,
            -0.5322431340038839,
            -0.4344850839707012,
            -0.11853179807126553,
            -0.05462558650574706,
            0.15916242867645486,
            -0.03568323997239061
          ],
          [
            0.2183925964060843,
            -0.025143715160446292,
            0.019200191208916306,
            -0.11853179807126553,
            -0.3854628081381596,
            0.41185868861018454,
            -0.27113591823410427,
            0.531881713915704
          ],
          [
            -0.13723570983337943,
            0.1780533143230054,
            0.31017509788317565,
            -0.05462558650574706,
            0.41185868861018454,
            -0.12292678742219532,
            -0.087344569090188,
            0.4482856630157518
          ],
          [
            -0.059007896958699166,
            0.29856789034393694,
            0.22077567057302383,
            0.15916242867645486,
            -0.27113591823410427,
            -0.087344569090188,
            0.1896425242902604,
            0.25780568671538534
          ],
          [
            -0.0011370088860894328,
            0.3072490018686765,
            -0.11999908586039829,
            -0.03568323997239061,
            0.531881713915704,
            0.4482856630157518,
            0.25780568671538534,
            0.02467040202111745
          ]
        ],
        "im": [
          [
            0.0,
            0.6135602579073668,
            0.11707312639004282,
            -0.03016733995561812,
            -0.16880614310649636,
            0.28281338415510354,
            -0.2941044597480157,
            -0.375809236476685
          ],
          [
            -0.6135602579073668,
            0.0,
            -0.2805558446050156,
            -0.16448406150133776,
            0.01927180012718943,
            -0.0854968267530587,
            -0.27162579295197226,
            0.2187476515712943
          ],
          [
            -0.11707312639004282,
            0.2805558446050156,
            0.0,
            -0.22710172219448105,
            -0.24448166289221374,
            -0.0408091478470675,
            -0.20011156925038415,
            -0.0921938366466813
          ],
          [
            0.03016733995561812,
            0.16448406150133776,
            0.22710172219448105,
            0.0,
            -0.19843654602891275,
            -0.18761054126801013,
            0.4425219465403132,
            -0.17174713240462572
          ],
          [
            0.16880614310649636,
            -0.01927180012718943,
            0.24448166289221374,
            0.19843654602891275,
            0.0,
            0.34405834203297825,
            -0.10327148827651247,
            0.07467012653043632
          ],
          [
            -0.28281338415510354,
            0.0854968267530587,
            0.0408091478470675,
            0.18761054126801013,
            -0.34405834203297825,
            0.0,
            0.4189205126236384,
            0.19727237335269224
          ],
          [
            0.2941044597480157,
            0.27162579295197226,
            0.20011156925038415,
            -0.4425219465403132,
            0.10327148827651247,
            -0.4189205126236384,
            0.0,
            0.2596558768041173
          ],
          [
            0.375809236476685,
            -0.2187476515712943,
            0.0921938366466813,
            0.17174713240462572,
            -0.07467012653043632,
            -0.19727237335269224,
            -0.2596558768041173,
            0.0
          ]
        ]
      },
      "planted_local": {
        "re": [
          -0.1804507619005863,
          -0.12365422117817468,
          -0.025130994063180603,
          0.10021974148909435,
          0.5730385563712312,
          -0.3412038430692414,
          -0.12114365324710188,
          -0.03681385243086258
        ],
        "im": [
          0.28097889534999443,
          -0.3222830886031693,
          -0.10183690714120566,
          0.04138400055020126,
          -0.011374258812956343,
          0.484359727194781,
          0.13317659455498596,
          -0.18242437935521708
        ]
      },
      "planted_locals": [
        {
          "re": [
            -0.1804507619005863,
            -0.12365422117817468,
            -0.025130994063180603,
            0.10021974148909435,
            0.5730385563712312,
            -0.3412038430692414,
            -0.12114365324710188,
            -0.03681385243086258
          ],
          "im": [
            0.28097889534999443,
            -0.3222830886031693,
            -0.10183690714120566,
            0.04138400055020126,
            -0.011374258812956343,
            0.484359727194781,
            0.13317659455498596,
            -0.18242437935521708
          ]
        }
      ]
    },
    {
      "k": 3,
      "Sk": [
        2,
        4,
        7
      ],
      "support_qubits": [
        7,
        4,
        3
      ],
      "alpha": 1.292661919213753,
      "l0": -1.0,
      "eigenvalues": [
        -1.0,
        -1.0,
        -1.0,
        -1.0,
        1.0,
        1.0,
        1.0,
        1.0
      ],
      "H_local": {
        "re": [
          [
            0.2889294509016885,
            0.09514535849209155,
            -0.18997984850940336,
            0.203642083372107,
            -0.12207761375887077,
            0.03696161321604713,
            -0.30296469601864406,
            0.06567131832484138
          ],
          [
            0.09514535849209155,
            -0.0912535003059315,
            0.06351044652221854,
            -0.3051307309497669,
            0.10882366678474872,
            -0.12399561439201588,
            -0.08082802814767165,
            0.23498768847011778
          ],
          [
            -0.18997984850940336,
            0.06351044652221854,
            0.3644339919366516,
            0.010380336114694522,
            -0.35620771240564975,
            0.5828183103472143,
            -0.11549967067560456,
            -0.03586180491602056
          ],
          [
            0.203642083372107,
            -0.3051307309497669,
            0.010380336114694522,
            0.12016994941258163,
            -0.16388668404274867,
            0.3873694061181497,
            -0.22356505653606712,
            0.40687692793461805
          ],
          [
            -0.12207761375887077,
            0.10882366678474872,
            -0.35620771240564975,
            -0.16388668404274867,
            -0.3792690342721456,
            -0.06172355060780216,
            -0.28025808943106223,
            -0.545370334204731
          ],
          [
            0.03696161321604713,
            -0.12399561439201588,
            0.5828183103472143,
            0.3873694061181497,
            -0.06172355060780216,
            -0.05245475541390349,
            -0.16898857059453382,
            -0.2912518128689443
          ],
          [
            -0.30296469601864406,
            -0.08082802814767165,
            -0.11549967067560456,
            -0.22356505653606712,
            -0.28025808943106223,
            -0.16898857059453382,
            -0.4874065970728089,
            0.40212635409370323
          ],
          [
            0.06567131832484138,
            0.23498768847011778,
            -0.03586180491602056,
            0.40687692793461805,
            -0.545370334204731,
            -0.2912518128689443,
            0.40212635409370323,
            0.2368504948138684
          ]
        ],
        "im": [
          [
            0.0,
            0.4064468462631712,
            0.32469358110765123,
            0.1353306222130795,
            0.29396723343070563,
            -0.32259882064977075,
            -0.48135978415014324,
            0.08001215852307123
          ],
          [
            -0.4064468462631712,
            0.0,
            -0.3763966495988815,
            0.5883838340661227,
            0.30087746959865425,
            0.16859095536704036,
            -0.06318220940370796,
            0.1431808875463094
          ],
          [
            -0.32469358110765123,
            0.3763966495988815,
            0.0,
            -0.1184374397491579,
            0.016517317065340424,
            0.27890674898384854,
            0.07485098731318696,
            0.031218279665200816
          ],
          [
            -0.1353306222130795,
            -0.5883838340661227,
            0.1184374397491579,
            0.0,
            -0.0909394743252779,
            -0.25263591387686685,
            0.07945231128717874,
            0.03856937158954196
          ],
          [
            -0.29396723343070563,
            -0.30087746959865425,
            -0.016517317065340424,
            0.0909394743252779,
            0.0,
            -0.02136920739329043,
            -0.06638192385001211,
            -0.3248591885231907
          ],
          [
            0.32259882064977075,
            -0.16859095536704036,
            -0.27890674898384854,
            0.25263591387686685,
            0.02136920739329043,
            0.0,
            -0.26486473543630057,
            -0.16989371237281004
          ],
          [
            0.48135978415014324,
            0.06318220940370796,
            -0.07485098731318696,
            -0.07945231128717874,
            0.06638192385001211,
            0.26486473543630057,
            0.0,
            -0.09904909816554794
          ],
          [
            -0.08001215852307123,
            -0.1431808875463094,
            -0.031218279665200816,
            -0.03856937158954196,
            0.3248591885231907,
            0.16989371237281004,
            0.09904909816554794,
            0.0
          ]
        ]
      },
      "planted_local": {
        "re": [
          -0.29058812138880313,
          0.5961059625775627,
          0.013109739004235598,
          0.43374079200433313,
          0.12964943275228608,
          -0.06383772313660598,
          0.06371532359406121,
          -0.13323815551789586
        ],
        "im": [
          -0.2932763627261198,
          -0.28442115898162595,
          -0.2917179144960582,
          0.17350177046944013,
          -0.002960185158729449,
          0.19739871306590487,
          0.06598229462274156,
          0.06147928027336253
        ]
      },
      "planted_locals": [
        {
          "re": [
            -0.29058812138880313,
            0.5961059625775627,
            0.013109739004235598,
            0.43374079200433313,
            0.12964943275228608,
            -0.06383772313660598,
            0.06371532359406121,
            -0.13323815551789586
          ],
          "im": [
            -0.2932763627261198,
            -0.28442115898162595,
            -0.2917179144960582,
            0.17350177046944013,
            -0.002960185158729449,
            0.19739871306590487,
            0.06598229462274156,
            0.06147928027336253
          ]
        }
      ]
    },
    {
      "k": 4,
      "Sk": [
        2,
        4,
        6
      ],
      "support_qubits": [
        7,
        4,
        1
      ],
      "alpha": 0.6602120338578445,
      "l0": -1.0,
      "eigenvalues": [
        -1.0,
        -1.0,
        -1.0,
        -1.0,
        1.0,
        1.0,
        1.0,
        1.0
      ],
      "H_local": {
        "re": [
          [
            -0.3961215143359009,
            -0.10433175088212565,
            -0.013456880946977383,
            -0.34280003567111555,
            0.29756711867694385,
            -0.04641485894003608,
            0.27638965174071667,
            0.2973316828922654
          ],
          [
            -0.10433175088212565,
            -0.3526515857480928,
            -0.25490957062330183,
            0.08099563049851295,
            -0.38568345303836904,
            0.19668281835591003,
            -0.369608866596286,
            0.11185763388194211
          ],
          [
            -0.013456880946977383,
            -0.25490957062330183,
            0.03303780797855399,
            -0.3422358201837027,
            0.043857937272712866,
            0.039635471249875834,
            0.13485702268307787,
            -0.15842708520721427
          ],
          [
            -0.34280003567111555,
            0.08099563049851295,
            -0.3422358201837027,
            -0.3387461213893962,
            0.07576477066672985,
            0.28166984502593023,
            -0.28130020386754395,
            -0.32231136920266357
          ],
          [
            0.29756711867694385,
            -0.38568345303836904,
            0.043857937272712866,
            0.07576477066672985,
            0.49580927423122506,
            0.16788998119494858,
            -0.4365460226432094,
            -0.11039174377052394
          ],
          [
            -0.04641485894003608,
            0.19668281835591003,
            0.039635471249875834,
            0.28166984502593023,
            0.16788998119494858,
            0.6160173777619614,
            0.1705907594818344,
            0.4743458414425048
          ],
          [
            0.27638965174071667,
            -0.369608866596286,
            0.13485702268307787,
            -0.28130020386754395,
            -0.4365460226432094,
            0.1705907594818344,
            0.26020492002081164,
            0.23726349150870832
          ],
          [
            0.2973316828922654,
            0.11185763388194211,
            -0.15842708520721427,
            -0.32231136920266357,
            -0.11039174377052394,
            0.4743458414425048,
            0.23726349150870832,
            -0.3175501585191619
          ]
        ],
        "im": [
          [
            0.0,
            -0.0996012860570921,
            0.35211401619106486,
            -0.2740558538572859,
            0.2723858766307242,
            0.21022099137818898,
            -0.22882702538817934,
            0.2815168465302685
          ],
          [
            0.0996012860570921,
            0.0,
            0.5433773485943221,
            -0.12163860460982631,
            0.14837227823568336,
            -0.06772725092782877,
            0.09925593186098572,
            -0.31658411079207327
          ],
          [
            -0.35211401619106486,
            -0.5433773485943221,
            0.0,
            0.42133762967413,
            0.06937797277700043,
            0.13966877968489078,
            0.2982685582402099,
            -0.24451931855530476
          ],
          [
            0.2740558538572859,
            0.12163860460982631,
            -0.42133762967413,
            0.0,
            0.3067907870945566,
            0.025354749449235527,
            0.10864426106869562,
            0.044338937214905935
          ],
          [
            -0.2723858766307242,
            -0.14837227823568336,
            -0.06937797277700043,
            -0.3067907870945566,
            0.0,
            -0.1758049121986483,
            -0.09721961019089574,
            0.20679532628360417
          ],
          [
            -0.21022099137818898,
            0.06772725092782877,
            -0.13966877968489078,
            -0.025354749449235527,
            0.1758049121986483,
            0.0,
            0.3149935470849838,
            -0.13200241936929388
          ],
          [
            0.22882702538817934,
            -0.09925593186098572,
            -0.2982685582402099,
            -0.10864426106869562,
            0.09721961019089574,
            -0.3149935470849838,
            0.0,
            0.2726788950446153
          ],
          [
            -0.2815168465302685,
            0.31658411079207327,
            0.24451931855530476,
            -0.044338937214905935,
            -0.20679532628360417,
            0.13200241936929388,
            -0.2726788950446153,
            0.0
          ]
        ]
      },
      "planted_local": {
        "re": [
          -0.42088633938645803,
          -0.3250619516883848,
          0.0777649443560589,
          -0.059175533818913544,
          0.21357436220069656,
          0.11262974748515305,
          0.0919616124869813,
          0.07168037120461777
        ],
        "im": [
          -0.5378388800651798,
          -0.18603481259094717,
          -0.4767427422289495,
          -0.25820994027696187,
          0.020125709445691677,
          -0.03398135570881235,
          0.12068441526338786,
          0.04225720978030272
        ]
      },
      "planted_locals": [
        {
          "re": [
            -0.42088633938645803,
            -0.3250619516883848,
            0.0777649443560589,
            -0.059175533818913544,
            0.21357436220069656,
            0.11262974748515305,
            0.0919616124869813,
            0.07168037120461777
          ],
          "im": [
            -0.5378388800651798,
            -0.18603481259094717,
            -0.4767427422289495,
            -0.25820994027696187,
            0.020125709445691677,
            -0.03398135570881235,
            0.12068441526338786,
            0.04225720978030272
          ]
        }
      ]
    },
    {
      "k": 5,
      "Sk": [
        1,
        4,
        6
      ],
      "support_qubits": [
        6,
        4,
        1
      ],
      "alpha": 0.5356802787735961,
      "l0": -1.0,
      "eigenvalues": [
        -1.0,
        -1.0,
        -1.0,
        -1.0,
        1.0,
        1.0,
        1.0,
        1.0
      ],
      "H_local": {
        "re": [
          [
            -0.09395340587252346,
            -0.22561715075706923,
            0.23135733558874028,
            -0.3535112556465905,
            0.08048205474843298,
            0.0019978245186636698,
            -0.19972512516424865,
            0.3986397690607236
          ],
          [
            -0.22561715075706923,
            0.7450570348054756,
            0.09382833713543423,
            0.30574626553930206,
            0.02777484915433788,
            -0.17141008105829664,
            -0.05897285858352408,
            0.15703755530061608
          ],
          [
            0.23135733558874028,
            0.09382833713543423,
            -0.023805773421496222,
            -0.12202549406333428,
            -0.19752526933905593,
            0.18861912701981293,
            0.4787431942295326,
            -0.015632687313220962
          ],
          [
            -0.3535112556465905,
            0.30574626553930206,
            -0.12202549406333428,
            -0.5218854293728368,
            -0.16618443349000614,
            0.448271960679458,
            -0.21947870637597588,
            0.2652382437335177
          ],
          [
            0.08048205474843298,
            0.02777484915433788,
            -0.19752526933905593,
            -0.16618443349000614,
            -0.473924277504127,
            -0.5626423243593233,
            -0.08672920662551198,
            0.11398188984929829
          ],
          [
            0.0019978245186636698,
            -0.17141008105829664,
            0.18861912701981293,
            0.448271960679458,
            -0.5626423243593233,
            0.1859500169255543,
            -0.15120782513019876,
            0.25684202234031867
          ],
          [
            -0.19972512516424865,
            -0.05897285858352408,
            0.4787431942295326,
            -0.21947870637597588,
            -0.08672920662551198,
            -0.15120782513019876,
            0.12390793026739166,
            -0.3573039441188056
          ],
          [
            0.3986397690607236,
            0.15703755530061608,
            -0.015632687313220962,
            0.2652382437335177,
            0.11398188984929829,
            0.25684202234031867,
            -0.3573039441188056,
            0.058653904172561167
          ]
        ],
        "im": [
          [
            0.0,
            0.19025343223024505,
            -0.08958484415463913,
            -0.046030558633559565,
            -0.23297064351368577,
            0.3193455906572238,
            -0.12719191653389436,
            -0.5811305833657281
          ],
          [
            -0.19025343223024505,
            0.0,
            0.06613306650012593,
            -0.00711770741144134,
            -0.3733716362953189,
            -0.0963563522194733,
            -0.14576800690420805,
            -0.15116573855683485
          ],
          [
            0.08958484415463913,
            -0.06613306650012593,
            0.0,
            -0.09581167357839844,
            0.1440526175865099,
            -0.23448919706121202,
            -0.6713884247979997,
            -0.26476894762354397
          ],
          [
            0.046030558633559565,
            0.00711770741144134,
            0.09581167357839844,
            0.0,
            0.19538000289172175,
            -0.10620953748996328,
            0.0007774662108841479,
            0.2939445164847298
          ],
          [
            0.23297064351368577,
            0.3733716362953189,
            -0.1440526175865099,
            -0.19538000289172175,
            0.0,
            -0.3133346647940123,
            0.11681988550247308,
            0.0012516746294490653
          ],
          [
            -0.3193455906572238,
            0.0963563522194733,
            0.23448919706121202,
            0.10620953748996328,
            0.3133346647940123,
            0.0,
            0.04322345963094098,
            -0.12859066965597268
          ],
          [
            0.12719191653389436,
            0.14576800690420805,
            0.6713884247979997,
            -0.0007774662108841479,
            -0.11681988550247308,
            -0.04322345963094098,
            0.0,
            0.046441494812603
          ],
          [
            0.5811305833657281,
            0.15116573855683485,
            0.26476894762354397,
            -0.2939445164847298,
            -0.0012516746294490653,
            0.12859066965597268,
            -0.046441494812603,
            0.0
          ]
        ]
      },
      "planted_local": {
        "re": [
          -0.35459012737211515,
          -0.19338175839325233,
          -0.1366383318294488,
          -0.11392406562257108,
          0.24735634655605646,
          0.24295046772126605,
          -0.17609773939381634,
          -0.006549019155952486
        ],
        "im": [
          -0.06427192325566959,
          0.04074678137507687,
          -0.2151667833219518,
          -0.0809939071972593,
          0.5669081259178693,
          0.23671223468150607,
          0.400469103561671,
          0.2398254971267124
        ]
      },
      "planted_locals": [
        {
          "re": [
            -0.35459012737211515,
            -0.19338175839325233,
            -0.1366383318294488,
            -0.11392406562257108,
